92 7 8 176 
92 27 26 7 8 176 
92 27 26 7 8 176 
92 27 26 7 8 176 
92 27 26 7 8 246 176 
92 27 26 7 8 176 
92 27 26 7 8 176 
16 92 27 26 17 7 8 176 
92 27 26 7 8 246 176 
92 27 26 7 8 176 
92 26 27 7 8 176 
92 7 8 176 
92 27 26 7 8 176 
92 7 8 176 
92 27 26 7 8 176 
92 27 26 7 8 176 
92 7 8 176 
92 7 8 176 
92 27 26 7 8 176 
92 27 26 7 8 9 10 176 
92 27 26 7 8 176 
92 7 8 176 
92 27 26 7 8 176 
92 27 26 7 8 176 
92 27 26 7 8 176 
92 27 26 7 8 176 
92 7 8 176 
92 27 26 7 8 176 
92 27 26 7 8 176 
92 27 26 7 8 176 
92 27 26 7 8 176 
92 27 26 7 8 176 
92 27 26 7 8 176 
92 7 8 176 
92 27 26 7 8 176 
92 27 26 7 8 176 
92 27 26 7 8 176 
92 27 26 7 8 176 
92 7 8 176 
92 27 26 7 8 176 
92 27 26 7 8 176 
92 7 8 176 
92 7 8 176 
92 27 26 7 8 176 
92 26 27 7 8 176 
92 27 26 7 8 176 
92 7 8 176 
92 27 26 7 8 176 
92 27 26 7 8 176 
92 27 26 7 8 176 
92 27 26 7 8 176 
92 27 26 7 8 176 
92 27 26 7 8 176 
92 27 26 7 8 15 259 176 
92 27 26 7 8 176 
92 27 26 7 8 176 
92 27 26 7 8 176 
92 27 26 7 8 176 
92 16 17 7 8 113 176 
92 27 26 7 8 176 
92 27 26 7 8 246 176 
92 27 26 7 8 176 
92 26 27 7 8 176 
92 27 26 7 8 176 
92 26 27 7 8 176 
92 27 26 7 8 176 
92 27 26 7 8 176 
92 27 26 7 8 176 
92 27 26 7 8 176 
92 27 26 7 8 176 
92 27 26 7 8 176 
92 27 26 7 8 176 
92 27 26 7 8 176 
92 27 26 7 8 176 
92 27 26 7 255 8 169 176 
92 27 26 184 7 8 46 48 176 
92 26 27 7 8 176 
92 27 26 7 8 176 
92 7 8 176 
92 7 8 176 
92 27 26 7 8 176 
92 27 26 7 8 176 
92 27 26 7 8 176 
92 7 8 176 
92 27 26 7 8 176 
92 27 26 7 8 176 
92 27 26 7 8 176 
92 27 26 7 8 176 
92 7 8 176 
92 27 26 7 8 176 
92 27 26 7 8 176 
92 7 8 176 
92 27 26 7 8 176 
92 27 26 7 8 176 
92 27 26 7 8 176 
92 27 26 7 8 176 
92 27 26 7 8 176 
92 7 8 176 
92 27 26 7 8 243 176 