92 7 8 
92 27 26 7 8 
92 27 26 7 8 
92 27 26 7 8 
92 27 26 7 8 246 
92 27 26 7 8 
92 27 26 7 8 
16 92 27 26 17 7 8 
92 27 26 7 8 246 
92 27 26 7 8 
92 26 27 7 8 
92 7 8 
92 27 26 7 8 
92 7 8 
92 27 26 7 8 
92 27 26 7 8 
92 7 8 
92 7 8 
92 27 26 7 8 
92 27 26 7 8 9 10 
92 27 26 7 8 
92 7 8 
92 27 26 7 8 
92 27 26 7 8 
92 27 26 7 8 
92 27 26 7 8 
92 7 8 
92 27 26 7 8 
92 27 26 7 8 
92 27 26 7 8 
92 27 26 7 8 
92 27 26 7 8 
92 27 26 7 8 
92 7 8 
92 27 26 7 8 
92 27 26 7 8 
92 27 26 7 8 
92 27 26 7 8 
92 7 8 
92 27 26 7 8 
92 27 26 7 8 
92 7 8 
92 7 8 
92 27 26 7 8 
92 26 27 7 8 
92 27 26 7 8 
92 7 8 
92 27 26 7 8 
92 27 26 7 8 
92 27 26 7 8 
92 27 26 7 8 
92 27 26 7 8 
92 27 26 7 8 
92 27 26 7 8 15 259 
92 27 26 7 8 
92 27 26 7 8 
92 27 26 7 8 
92 27 26 7 8 
92 16 17 7 8 113 
92 27 26 7 8 
92 27 26 7 8 246 
92 27 26 7 8 
92 26 27 7 8 
92 27 26 7 8 
92 26 27 7 8 
92 27 26 7 8 
92 27 26 7 8 
92 27 26 7 8 
92 27 26 7 8 
92 27 26 7 8 
92 27 26 7 8 
92 27 26 7 8 
92 27 26 7 8 
92 27 26 7 8 
92 27 26 7 255 8 169 
92 27 26 184 7 8 46 48 
92 26 27 7 8 
92 27 26 7 8 
92 7 8 
92 7 8 
92 27 26 7 8 
92 27 26 7 8 
92 27 26 7 8 
92 7 8 
92 27 26 7 8 
92 27 26 7 8 
92 27 26 7 8 
92 27 26 7 8 
92 7 8 
92 27 26 7 8 
92 27 26 7 8 
92 7 8 
92 27 26 7 8 
92 27 26 7 8 
92 27 26 7 8 
92 27 26 7 8 
92 27 26 7 8 
92 7 8 
92 27 26 7 8 243 