1 376 15 334 5 671 6 436 436 
334 514 5 6 436 731 436 
334 514 436 731 436 
334 514 436 731 436 
1 376 15 334 671 436 436 
334 514 436 731 436 
334 514 436 731 436 
1 15 334 514 5 6 436 731 436 
334 514 5 6 436 731 436 
334 514 436 731 436 
334 514 5 6 436 731 436 
334 514 436 731 436 
334 514 436 731 436 
334 514 436 731 436 
1 376 15 334 5 671 6 436 436 
334 514 5 6 436 731 436 
334 514 436 731 436 
1 376 15 334 5 671 6 436 436 
376 334 436 436 
334 514 436 436 
334 38 39 514 730 436 436 
334 514 436 731 436 
334 514 436 731 436 
1 15 334 514 436 25 26 731 436 
334 38 39 514 436 25 26 731 436 
334 514 5 6 436 731 436 
334 514 5 6 436 731 436 
334 514 436 731 436 
334 514 436 731 436 
334 514 436 731 436 
334 514 436 731 436 
1 15 334 514 436 25 26 731 436 
334 38 39 514 436 25 26 731 436 
334 38 39 514 436 25 26 731 436 
334 514 436 731 436 
1 15 334 514 436 731 436 
1 15 334 514 5 6 436 731 436 
334 514 436 731 436 
334 514 436 731 436 
1 15 334 514 5 6 436 731 436 
334 514 436 731 436 
334 514 436 731 436 
334 38 39 514 436 731 436 
1 15 334 514 436 731 436 
334 514 436 731 436 
334 514 436 731 436 
334 514 436 731 436 
1 15 334 202 514 436 731 436 
334 514 436 731 436 
1 15 334 514 5 6 436 731 436 
334 514 436 731 436 
334 514 5 6 436 731 436 
1 15 334 514 436 731 436 
334 38 39 514 436 731 436 
334 38 39 514 5 6 436 731 436 
1 15 334 514 413 487 436 731 436 
334 38 39 514 413 487 436 731 436 
334 514 5 6 436 731 436 
334 514 436 731 436 
334 38 39 514 5 6 436 731 436 
1 15 334 514 5 6 436 731 436 
334 514 436 731 436 
334 514 5 6 436 731 436 
334 514 436 731 436 
376 334 671 436 436 
334 514 436 731 436 
376 334 671 436 436 
376 334 671 436 436 
334 514 436 731 436 
334 514 436 770 436 
376 334 671 436 436 
334 514 436 731 436 
334 514 436 731 436 
334 514 436 731 436 
334 38 39 514 436 731 436 
334 514 436 731 436 
334 514 436 731 436 
334 514 5 6 436 731 436 
334 514 5 6 436 731 436 
1 15 334 514 436 731 436 
334 514 5 6 436 731 436 
1 376 15 334 16 671 21 436 436 
376 334 671 436 436 
376 334 671 436 436 
1 376 15 334 671 436 436 
334 514 436 731 436 
334 514 436 731 436 
334 514 436 731 436 
334 514 436 731 436 
51 334 514 436 731 436 
334 514 436 25 26 731 436 
334 514 436 731 436 
376 334 671 436 436 
334 514 436 731 436 
1 376 15 334 671 436 436 
376 334 671 436 436 
334 514 436 731 436 
334 514 436 731 436 
334 38 39 514 91 5 6 436 92 436 
376 334 671 436 436 
334 514 436 731 436 
334 514 436 731 436 
1 376 15 334 671 436 436 
1 376 15 334 671 436 436 
376 334 671 436 436 
334 514 436 770 436 
334 38 39 514 436 731 436 
376 334 671 436 436 
376 334 671 436 436 
334 38 39 514 436 731 436 
1 376 15 334 671 436 436 
334 514 436 731 436 
1 15 334 514 436 731 436 
334 514 436 731 436 
1 15 334 514 436 731 436 
376 334 671 436 436 
334 38 39 514 5 6 436 731 436 
376 334 671 436 436 
334 514 5 6 436 731 436 
376 334 671 436 436 
334 38 39 514 436 25 26 731 436 
334 514 436 731 436 
334 514 436 731 436 
334 514 5 6 436 731 436 
334 514 436 731 436 
334 514 436 436 
1 376 15 334 671 436 436 
1 376 15 334 671 436 436 
376 334 671 436 436 
376 334 671 436 436 
1 376 15 334 671 436 436 
334 514 436 436 
334 514 436 731 436 
1 376 15 334 5 671 6 436 436 
334 514 436 436 
334 514 436 731 436 
376 334 671 21 436 436 
376 334 671 436 436 
376 334 5 671 6 436 436 
1 376 15 334 5 671 6 436 436 
1 376 15 334 671 436 436 
1 376 15 334 5 671 6 436 436 
376 334 5 671 6 436 436 
334 38 39 514 436 731 436 
334 514 436 731 436 
376 334 671 436 436 
334 514 436 731 436 
334 38 39 514 436 731 436 
376 334 671 436 436 
334 38 39 514 436 731 436 
376 334 671 436 436 
376 334 5 671 6 436 436 
376 334 5 671 6 436 436 
334 38 39 514 436 25 26 731 436 
376 334 5 671 6 436 436 
334 514 436 731 436 
334 514 436 731 436 
334 514 5 6 436 731 436 
334 514 436 731 436 
334 38 39 514 436 25 26 731 436 
334 145 42 514 515 436 25 26 436 
1 15 334 514 436 25 26 731 436 
334 38 39 514 436 25 26 731 436 
334 38 39 514 515 436 436 
334 145 42 514 5 515 6 436 436 
334 38 39 514 5 6 436 731 436 
334 514 436 731 436 
1 15 334 514 436 731 436 
334 514 436 731 436 
376 334 671 436 436 
1 376 15 334 671 436 436 
1 15 334 514 436 731 436 
334 514 5 6 436 731 436 
334 514 436 731 436 
1 376 15 334 5 671 6 436 23 436 
334 514 436 731 436 
334 38 39 514 436 731 436 
334 514 436 731 436 
376 334 671 436 436 
334 514 436 731 436 
334 514 436 731 436 
334 514 436 731 436 
334 514 436 731 436 
334 514 436 731 436 
334 514 5 6 436 731 436 
334 514 436 731 436 
334 514 436 731 436 
334 514 436 731 436 
334 514 436 731 436 
334 514 436 731 436 
334 514 436 731 436 
334 514 5 6 436 731 436 
334 38 39 514 436 731 436 
334 514 436 731 436 
334 514 436 731 436 
334 514 436 731 436 
334 514 436 731 436 
334 514 436 731 436 
1 376 15 334 671 436 436 
334 514 436 731 436 
334 514 436 436 
334 514 436 731 436 
334 514 21 436 731 436 
376 334 671 436 436 
334 514 436 731 436 
334 514 436 731 436 
1 15 334 514 436 731 436 
334 514 436 731 436 
334 514 436 731 436 
1 15 334 514 436 731 436 
334 514 436 731 436 
376 334 671 436 436 
334 514 5 6 436 731 436 
334 38 39 514 436 731 436 
334 514 5 6 436 23 731 436 
334 514 5 6 436 23 731 436 
334 514 436 731 436 
334 514 436 731 436 
1 376 15 334 671 436 436 
334 514 5 6 436 731 436 
334 38 39 514 436 731 436 
334 514 5 6 436 731 436 
334 514 436 731 436 
1 15 334 514 436 731 436 
334 514 436 731 436 
376 334 671 436 436 
334 514 436 731 436 
334 514 436 25 26 731 436 
1 15 334 514 436 731 436 
1 376 15 334 671 436 436 
97 1 19 334 2 305 514 436 731 436 
1 15 334 514 436 731 436 
1 376 15 334 671 436 436 
1 15 334 514 5 6 436 731 436 
334 38 39 514 436 731 436 
1 376 15 334 671 436 436 
376 334 671 436 436 
334 514 436 731 436 
334 514 436 731 436 
1 15 334 514 436 731 436 
334 514 436 25 26 731 436 
1 376 15 334 671 436 436 
334 514 5 6 436 731 436 
334 514 5 6 436 731 436 
334 514 436 25 26 731 436 
1 376 15 334 671 436 436 
376 334 671 436 436 
1 376 15 334 671 436 436 
334 514 5 6 436 731 436 
376 334 671 436 436 
334 514 436 731 436 
334 514 436 731 436 
334 38 39 514 436 731 436 
334 38 39 514 5 6 436 731 436 
334 38 39 514 436 731 436 
1 15 334 514 436 731 436 
334 38 39 514 436 731 436 
334 514 436 731 436 
334 514 436 731 436 
1 15 334 514 436 731 436 
334 514 436 731 436 
334 514 5 6 436 731 436 
334 38 39 514 436 731 436 
1 15 334 514 5 6 436 731 436 
1 15 334 514 436 731 436 
334 514 436 731 436 
334 514 436 731 436 
334 514 436 731 436 
376 334 671 436 436 
334 514 436 731 436 
334 514 5 169 162 436 170 8 436 
1 376 15 334 5 671 6 436 436 
1 376 15 334 671 436 436 
334 514 436 731 436 
376 334 671 436 436 
376 334 671 436 436 
334 514 436 731 436 
334 514 436 731 436 
334 514 436 731 436 
334 514 436 731 436 
334 514 91 5 6 436 92 731 436 
334 514 91 5 6 436 92 731 436 
334 514 91 5 6 436 92 731 436 
334 514 91 5 6 436 92 731 436 
334 514 436 731 436 
1 15 334 514 436 731 436 
334 514 436 731 436 
334 514 436 731 436 
334 514 436 731 436 
334 514 436 731 436 
1 15 334 514 5 6 436 731 436 
334 514 5 6 436 731 436 
376 334 5 671 6 436 23 436 
376 334 5 671 6 436 23 436 
334 514 436 731 436 
334 514 436 731 436 
334 514 436 731 436 
376 334 671 436 436 
334 38 39 514 436 25 26 731 436 
334 514 436 731 436 
334 514 91 5 6 436 92 731 436 
1 376 15 334 5 671 6 436 436 
1 376 15 334 5 671 6 436 436 
334 514 436 436 
334 38 39 514 436 731 436 
334 514 436 731 436 
334 514 436 731 436 
334 514 436 731 436 
376 334 5 671 6 436 436 
334 514 436 25 26 731 436 
1 15 334 514 436 25 26 731 436 
334 514 436 25 26 731 436 
1 15 334 514 436 731 436 
1 15 334 514 436 25 26 436 
376 334 671 109 28 21 436 80 110 436 
334 514 436 731 436 
334 514 730 436 436 
334 514 21 436 731 436 
334 514 436 731 436 
334 514 436 731 436 
334 514 436 731 436 
334 514 436 731 436 
334 514 730 436 436 
334 514 171 5 162 436 8 416 731 436 
334 514 436 731 436 
334 38 39 514 436 731 436 
334 514 436 731 436 
334 38 39 514 436 142 36 731 436 
334 514 436 731 436 
334 38 39 514 436 25 26 731 436 
334 38 39 514 436 731 436 
334 514 436 731 436 
1 15 334 514 5 6 436 731 436 
334 514 436 731 436 
1 15 334 514 436 731 436 
334 514 436 731 436 
334 38 39 514 436 731 436 
376 334 5 671 6 436 436 
1 376 15 334 671 436 436 
376 334 671 436 436 
334 514 436 731 436 
376 334 671 436 36 436 
334 38 39 514 436 731 436 
376 334 671 436 436 
1 15 334 514 436 731 436 
334 38 39 514 436 731 436 
334 514 436 731 436 
334 514 436 731 436 
334 514 436 731 436 
334 514 436 731 436 
334 514 436 731 436 
376 334 671 436 436 
1 15 334 514 436 731 436 
1 15 334 514 436 731 436 
334 514 436 731 436 
334 38 39 514 436 731 436 
334 514 436 731 436 
1 15 334 514 436 731 436 
1 15 334 514 436 731 436 
1 15 334 514 436 731 436 
334 514 436 731 436 
376 334 5 671 6 436 436 
376 334 671 28 21 436 79 80 436 
334 38 39 514 436 731 436 
376 334 671 436 436 
376 334 671 436 436 
376 334 671 436 436 
376 334 671 436 436 
376 334 671 436 436 
376 334 5 671 6 436 436 
376 334 671 436 436 
334 514 436 731 436 
334 514 436 731 436 
376 334 671 436 436 
376 334 436 731 436 
334 514 436 731 436 
334 514 436 731 436 
334 514 436 731 436 
376 334 91 5 671 6 436 92 436 
1 376 15 334 436 436 
334 38 39 514 436 436 
1 15 334 514 436 436 
334 514 436 436 
1 15 334 514 436 436 